24
27
30
49
53
58
74
97
98
108
148
196
167
169
211
214
261
182
186
195
196
211
212
213
231
236
237
238
237
241
242
242
243
288
322
507
508
535
569
572
620
671
705
723
726
800
815
846
847
846
847
848
849
846
850
851
852
853
854
855
856
857
858
850
854
862
864
867
869
870
871
872
863
894
952
990
1103
1175
1193
1198
1207
1214
1264
1265
1266
1267
1268
1269
1273
1275
1293
1294
1299
1308
1309
1310
1311
1312
1313
1314
1315
1316
1317
1318
1319
1320
1321
1322
1323
1324
1325
1326
1327
1328
1329
1330
1331
1332
1333
1334
1335
1336
1337
1338
1339
1340
1341
1342
1343
1344
1345
1346
1347
1348
1349
1350
1351
1352
1353
1354
1355
1356
1357
1358
1359
1360
1361
1362
1363
1364
1365
1366
1367
1368
1369
1335
1537
1543
1577
1778
1853
1962
1963
3100
3110
3173
3236
1951
1953
2950
2958
2963
2965
2986
2993
CN201120048091
CN201120471372
CN201210332531
CN201210384363
CN201220185854
CN201220502961
CN201220507722
CN201510250575
CN201610166284
CN201610280132
CN201610384686
CN201611265216
CN201710186694
CN201710414513
