681
701
853
868
1178
1179
1180
1185
1186
1251
1295
1313
1351
1448
1474
1475
1486
1526
1583
1609
1688
1694
1761
1763
1765
1779
1813
1836
1848
1878
1890
1893
1897
1898
1972
1995
1999
2008
2047
2071
2077
2090
2103
2113
2119
2122
2122
2135
2201
2238
2241
2258
2298
2296
2298
2305
2339
2375
2377
2384
2401
2402
2403
2404
2491
2492
2503
2509
2510
2537
2560
2564
2574
2657
2658
2668
2699
2704
2705
2708
2709
2737
2754
2761
2783
2785
2849
2871
2878
2892
2893
2896
2905
2928
2968
2984
3053
3065
3081
3085
3086
3087
3088
3094
3102
3120
3139
3143
3150
3153
3154
3159
3160
3161
3167
3172
3177
3178
3179
3181
3190
3192
3193
3194
3195
3198
3199
3201
3213
3214
3216
3218
3219
3220
3221
3222
3224
3227
3228
3239
3241
3244
3245
3246
3250
3253
3254
3257
3259
3262
3263
3265
3266
3267
3268
3269
3250
3253
3254
3269
3274
3282
3291
3292
3293
3298
